27,4
0,273
0,270
3,2
3,1
3,3
10,103
10,237
10,191
10,267
10,221
10,35
10,85
11,27
11,5
11,13
8,8
8,9
8,10
8,2
8,3
53,18
53,17
53,16
53,15
53,14
53,13
53,12
53,11
53,10
53,9
53,8
53,7
53,6
53,5
53,4
53,3
53,2
53,1
53,0
51,3
51,2
51,1
51,0
50,4
50,3
50,2
50,1
50,0
49,4
49,3
49,2
49,1
49,0
48,3
48,2
48,1
48,0
31,4
31,3
31,1
27,3
27,1
20,3
20,2
20,1
19,3
19,2
19,1
12,3
12,2
12,1
11,30
11,29
11,26
11,25
18,1
11,24
11,20
11,18
11,17
18,3
11,15
11,12
11,11
11,9
11,8
11,7
11,6
11,3
11,2
14,1
11,1
10,270
14,3
13,1
10,259
10,252
13,3
10,240
10,232
10,229
10,206
10,177
10,175
10,108
10,82
10,81
2,2
2,1
